$ 1 1.0000000000000001e-7 10.20027730826997 50 5 43 5e-11
c 192 208 272 208 0 0.000001 -4.501641028191073 0.001
c 368 208 368 272 0 0.000001 9.022896655931355 0.001
c 192 320 272 320 0 0.000001 -8.525402237126944 0.001
d 272 128 272 208 2 default
d 272 208 368 208 2 default
d 368 208 448 208 2 default
d 448 208 528 208 2 default
c 528 208 528 272 0 0.000009999999999999999 13.049861182761616 0.001
g 368 272 368 288 0 0
g 528 272 528 288 0 0
R 192 208 160 208 0 2 95500 2.5 2.5 0 0.54955
R 272 128 272 112 0 0 40 5 0 0 0.5
w 192 320 192 208 0
w 272 320 448 320 0
w 448 320 448 208 0
r 576 208 576 272 0 1000000
g 576 272 576 288 0 0
w 528 208 576 208 0
o 15 64 0 4099 20 0.00009765625 0 2 15 3
