$ 1 0.000005 10.20027730826997 50 5 43 5e-11
t 288 288 320 288 0 1 -3.600140550207149 0.5697856015654487 100 default
t 336 336 288 336 0 1 -0.5697118812264909 0.00007372033895778157 200 default
t 320 192 272 192 0 -1 -0.5622158262152848 -0.6713529054980985 200 default
r 272 208 272 288 0 470
r 272 320 272 400 0 62
r 272 288 192 288 0 470
s 192 288 192 176 0 1 true
r 320 192 320 272 0 430
d 384 208 496 208 2 default
r 336 336 400 336 0 4300
r 400 336 400 400 0 430
s 400 336 400 176 0 1 false
d 400 336 496 336 2 default
r 496 336 496 400 0 4600
w 272 288 288 288 0
w 288 288 288 320 0
w 496 208 496 336 0
g 272 400 272 416 0 0
g 288 352 288 416 0 0
g 400 400 400 416 0 0
g 496 400 496 416 0 0
R 192 176 192 160 0 0 40 5 0 0 0.5
R 272 176 272 160 0 0 40 5 0 0 0.5
R 400 176 400 160 0 0 40 5 0 0 0.5
r 384 208 384 288 0 390
162 384 288 384 400 2 default-led 1 0 0 0.01
g 384 400 384 416 0 0
w 272 208 384 208 0
g 320 304 320 416 0 0
c 224 320 224 400 0 0.000001 0.5697856015654487 0.001
w 224 320 272 320 0
w 272 320 272 288 0
w 224 400 272 400 0
c 336 336 336 400 0 1.0000000000000001e-7 0.00007372033895778157 0.001
g 336 400 336 416 0 0
o 13 64 0 4099 5 0.0015625 0 2 13 3
