$ 1 0.000005 10.20027730826997 50 5 50 5e-11
f 352 256 416 256 32 1.5 0.02
c 352 256 352 368 0 1.0000000000000001e-7 0.09020294105244009 0.001
34 12V_Zener 1 1.7143528192810002e-7 0 2.0000000000000084 12 1
z 288 368 288 256 2 12V_Zener
r 192 256 288 256 0 300
r 192 128 192 256 0 1300
t 144 272 192 272 0 1 0.5700490323878715 0.6602944104796787 200 default
r 416 128 416 240 0 324
g 288 368 288 384 0 0
g 352 368 352 384 0 0
g 416 272 416 384 0 0
R 416 128 416 112 0 0 40 15 0 0 0.5
R 192 128 192 112 0 0 40 15 0 0 0.5
R 192 336 112 336 0 2 40 2.5 2.5 0 0.5
r 144 272 80 272 0 10000
R 80 272 64 272 0 0 40 5 0 0 0.5
w 192 336 192 288 0
w 288 256 352 256 0
o 6 64 0 4099 20 0.1 0 2 6 3
o 1 64 0 4099 20 0.05 1 2 1 3
o 12 64 0 4099 5 0.1 2 2 12 3
