$ 1 0.000005 10.20027730826997 50 5 50 5e-11
183 144 240 208 240 0 0.5 1.66 3.33 5 0
r 144 144 144 240 0 2200
r 144 240 144 336 0 100000
c 144 336 144 400 0 1.0000000000000001e-7 4.990980796210621 0.001
s 80 240 80 400 0 1 true
w 80 240 144 240 0
g 80 400 80 416 0 0
g 144 400 144 416 0 0
R 144 144 144 112 0 0 40 5 0 0 0.5
d 208 240 272 240 2 1N5711
r 272 240 336 240 0 470
r 336 272 336 336 0 62
c 288 272 288 336 0 0.000001 0.5680940666121786 0.001
g 336 336 336 416 0 0
r 336 144 336 240 0 470
t 400 128 336 128 0 -1 -0.5557117929617679 -0.6801376282271097 200 default
t 368 240 400 240 0 1 -3.6030953475541625 0.5680940666121786 200 default
r 400 128 400 224 0 430
d 464 144 544 144 2 1N5712
162 464 272 464 384 2 default-led 1 0 0 0.01
r 464 144 464 272 0 390
g 464 384 464 416 0 0
g 400 256 400 416 0 0
t 320 368 368 368 0 1 -0.5680940637393742 2.8728044737787133e-9 200 default
r 320 368 208 368 0 4300
183 144 560 208 560 0 0.5 1.66 3.33 5 0
r 144 560 144 480 0 2200
r 144 560 144 640 0 100000
c 144 640 144 704 0 1.0000000000000001e-7 4.998735913169051 0.001
g 144 704 144 720 0 0
g 80 704 80 720 0 0
R 144 480 144 464 0 0 40 5 0 0 0.5
d 208 560 544 560 2 1N5711
c 320 368 320 400 0 1.0000000000000001e-7 2.8728044737787133e-9 0.001
w 80 560 144 560 0
w 208 368 208 560 0
w 288 272 336 272 0
w 336 272 336 240 0
w 336 240 368 240 0
w 288 336 336 336 0
w 368 240 368 352 0
w 336 144 464 144 0
w 544 144 544 560 0
g 320 400 320 416 0 0
g 368 384 368 416 0 0
R 336 112 336 96 0 0 40 5 0 0 0.5
t 576 144 624 144 0 1 -0.6538320747227324 0.5701161865275064 100 default
r 576 144 576 224 0 498
g 576 224 576 240 0 0
r 624 160 624 224 0 10000
g 624 224 624 240 0 0
w 544 144 576 144 0
r 624 160 656 160 0 2200
151 896 176 992 176 0 2 0 5
151 816 192 896 192 0 2 5 5
151 992 160 1088 160 0 2 5 5
w 816 176 816 208 0
w 768 160 896 160 0
w 992 144 992 176 0
t 1136 144 1088 144 0 1 -9.258502782300315 9.357509966889666e-8 100 default
r 1136 96 1136 144 0 10000
r 1088 128 1088 48 0 1300
R 1088 48 1088 32 0 0 40 24 0 0 0.5
r 1088 128 1248 128 0 300
34 zener-12 1 1.7143528192810002e-7 0 2.0000000000000084 12 1
z 1248 240 1248 128 2 zener-12
c 1280 128 1280 240 0 1.0000000000000001e-7 12.010465083615612 0.001
f 1280 128 1328 128 32 1.5 0.02
178 1360 0 1360 64 6 1 0.2 0.0729841672036033 0.05 1000000 0.02 324 0.01 0.005 1
g 1328 144 1328 272 0 0
g 1280 240 1280 272 0 0
g 1248 240 1248 272 0 0
R 1328 0 1328 -80 0 0 40 24 0 0 0.5
d 1280 64 1280 0 2 default
g 1344 64 1344 80 0 0
R 1360 -80 1360 -112 0 0 40 24 0 0 0.5
w 1248 128 1280 128 0
w 1328 64 1328 112 0
w 1280 0 1328 0 0
w 1280 64 1328 64 0
209 1360 -80 1360 0 0 0.002 23.988005997001267 0.001 1
151 816 368 896 368 0 2 5 5
w 768 384 816 384 0
194 656 208 784 208 0 false 0.1
r 752 208 816 208 0 2200
w 656 160 768 160 0
w 656 208 656 160 0
r 896 368 1280 368 0 5600
w 816 208 816 352 0
w 768 160 768 384 0
r 1280 368 1280 464 0 1000
t 1280 368 1344 368 0 1 0.527924129304877 0.6543384932108691 200 default
r 1344 352 1344 272 0 510
g 1280 464 1280 480 0 0
g 1344 384 1344 480 0 0
t 1424 416 1376 416 0 1 -0.12641436389800523 7.986936988935946e-12 200 default
t 1376 352 1424 352 0 1 0.11442036090726063 0.12641436389800523 80 default
r 1424 416 1424 496 0 1.5
g 1424 496 1424 512 0 0
w 1360 0 1424 0 0
w 1424 0 1424 336 0
w 1424 368 1424 416 0
w 1344 352 1376 352 0
w 1376 352 1376 400 0
g 1376 432 1376 480 0 0
s 80 560 80 704 0 1 false
r 1424 -80 1424 0 0 100
w 1360 -80 1424 -80 0
R 624 -16 624 -32 0 0 40 5 0 0 0.5
r 624 -16 624 96 0 1e-9
w 1136 96 624 96 0
w 1136 96 1344 96 0
w 1344 96 1344 272 0
w 624 96 624 128 0
o 79 64 0 4099 40 409.6 0 2 79 3
o 108 64 0 4099 0.0000762939453125 0.025 1 2 108 3
